118
2962
1512
1266
1444
1707
1473
1221
1037
1372
1175
1328
1327
1587
1442
1603
1370
1241
1479
1180
1653
1612
1635
1215
1027
1121
1757
1022
1479
1517
1746
1391
1434
1173
1073
1090
1768
1371
1727
1724
1531
1627
1168
1788
1474
1691
1301
1219
1254
1490
1180
1585
1499
1071
1753
1087
1635
1258
1329
1627
1508
1743
1530
1177
1238
1684
1783
1466
1318
1603
1433
1768
1478
1022
1616
1419
1476
1755
1366
1426
1459
1464
1658
1636
1488
1629
1444
1195
1409
1383
1275
1256
1479
1147
1146
1507
1605
1009
1457
1068
1589
1529
1717
1767
1782
1161
1123
1795
1390
1721
1059
1529
1686
1463
1089
1062
1627
1259
1411
1270
1 2
1 5
1 7
1 10
1 11
1 13
1 16
1 17
1 20
1 21
1 24
1 28
1 29
1 30
1 34
1 35
1 36
1 37
1 38
1 40
1 42
1 44
1 46
1 51
1 52
1 54
1 56
1 59
1 62
1 63
1 66
1 67
1 68
1 73
1 74
1 77
1 78
1 79
1 81
1 84
1 85
1 86
1 87
1 93
1 95
1 96
1 99
1 101
1 103
1 104
1 105
1 110
1 111
1 113
1 115
1 117
2 4
2 6
2 7
2 13
2 15
2 16
2 21
2 23
2 27
2 28
2 29
2 33
2 36
2 38
2 39
2 43
2 44
2 45
2 49
2 50
2 51
2 53
2 54
2 58
2 60
2 62
2 64
2 65
2 66
2 71
2 72
2 75
2 76
2 79
2 82
2 84
2 86
2 87
2 93
2 96
2 100
2 102
2 108
2 109
2 111
2 112
3 5
3 6
3 8
3 11
3 13
3 14
3 15
3 18
3 25
3 26
3 32
3 36
3 42
3 50
3 52
3 53
3 54
3 58
3 69
3 72
3 73
3 74
3 75
3 77
3 83
3 86
3 88
3 90
3 91
3 93
3 94
3 96
3 97
3 99
3 101
3 102
3 104
3 105
3 107
3 109
3 110
3 111
3 116
3 117
4 6
4 7
4 9
4 13
4 14
4 16
4 17
4 19
4 21
4 22
4 25
4 28
4 30
4 33
4 34
4 37
4 38
4 39
4 40
4 43
4 45
4 48
4 51
4 55
4 56
4 59
4 61
4 63
4 66
4 75
4 76
4 77
4 78
4 80
4 81
4 83
4 84
4 85
4 86
4 88
4 90
4 91
4 92
4 94
4 97
4 100
4 101
4 102
4 103
4 106
4 111
4 115
5 13
5 17
5 18
5 22
5 24
5 26
5 27
5 28
5 30
5 31
5 36
5 37
5 40
5 42
5 43
5 44
5 45
5 47
5 48
5 49
5 51
5 52
5 56
5 61
5 63
5 64
5 65
5 66
5 71
5 74
5 75
5 76
5 79
5 81
5 83
5 86
5 87
5 88
5 93
5 96
5 100
5 101
5 102
5 105
5 106
5 108
5 109
5 117
5 118
6 8
6 9
6 15
6 19
6 20
6 25
6 27
6 28
6 29
6 30
6 32
6 37
6 38
6 43
6 44
6 46
6 49
6 54
6 55
6 56
6 59
6 60
6 61
6 62
6 64
6 68
6 70
6 71
6 72
6 75
6 81
6 82
6 83
6 85
6 86
6 87
6 97
6 98
6 100
6 101
6 105
6 106
6 107
6 112
6 113
6 117
7 8
7 10
7 11
7 12
7 14
7 16
7 18
7 19
7 23
7 28
7 29
7 33
7 34
7 35
7 36
7 46
7 47
7 50
7 55
7 60
7 61
7 62
7 64
7 66
7 68
7 69
7 71
7 72
7 74
7 76
7 81
7 82
7 84
7 86
7 88
7 95
7 98
7 103
7 104
7 105
7 106
7 107
7 110
7 111
7 114
7 117
8 10
8 11
8 12
8 13
8 15
8 16
8 18
8 19
8 20
8 22
8 23
8 25
8 26
8 30
8 33
8 35
8 36
8 41
8 43
8 47
8 48
8 52
8 60
8 61
8 62
8 68
8 70
8 72
8 73
8 75
8 79
8 80
8 81
8 82
8 83
8 85
8 86
8 87
8 90
8 91
8 93
8 95
8 97
8 98
8 99
8 100
8 104
8 107
8 109
8 110
8 113
8 114
8 116
8 117
9 10
9 13
9 16
9 18
9 19
9 22
9 23
9 26
9 28
9 31
9 33
9 35
9 40
9 41
9 43
9 44
9 45
9 46
9 49
9 57
9 58
9 60
9 63
9 64
9 65
9 66
9 67
9 68
9 70
9 71
9 75
9 82
9 83
9 87
9 88
9 89
9 90
9 91
9 92
9 96
9 97
9 98
9 100
9 101
9 102
9 104
9 106
9 107
9 108
9 109
9 111
9 113
9 115
10 18
10 28
10 29
10 30
10 32
10 33
10 35
10 36
10 39
10 41
10 42
10 44
10 45
10 47
10 48
10 49
10 51
10 54
10 57
10 59
10 61
10 62
10 63
10 67
10 68
10 69
10 70
10 71
10 73
10 76
10 81
10 84
10 85
10 86
10 88
10 92
10 93
10 94
10 95
10 101
10 103
10 109
10 115
10 116
11 12
11 13
11 14
11 21
11 23
11 28
11 29
11 31
11 32
11 33
11 35
11 38
11 43
11 45
11 46
11 49
11 53
11 54
11 60
11 61
11 63
11 64
11 66
11 71
11 72
11 73
11 76
11 77
11 82
11 83
11 89
11 94
11 97
11 99
11 106
11 108
11 109
11 111
11 114
11 116
12 13
12 16
12 17
12 19
12 20
12 21
12 27
12 34
12 35
12 36
12 37
12 38
12 39
12 43
12 45
12 46
12 47
12 49
12 50
12 56
12 57
12 60
12 61
12 63
12 65
12 67
12 69
12 70
12 72
12 75
12 77
12 78
12 80
12 85
12 89
12 92
12 93
12 96
12 100
12 102
12 105
12 107
12 110
12 111
12 115
13 15
13 22
13 23
13 25
13 26
13 27
13 29
13 30
13 34
13 39
13 40
13 43
13 46
13 48
13 49
13 52
13 57
13 58
13 59
13 60
13 61
13 62
13 64
13 67
13 68
13 70
13 74
13 76
13 77
13 79
13 80
13 82
13 84
13 91
13 92
13 95
13 96
13 100
13 101
13 103
13 104
13 105
13 111
13 112
13 113
13 114
14 19
14 20
14 21
14 22
14 25
14 30
14 31
14 33
14 37
14 39
14 43
14 44
14 45
14 48
14 50
14 51
14 56
14 58
14 60
14 62
14 63
14 64
14 66
14 70
14 72
14 74
14 75
14 76
14 78
14 80
14 82
14 84
14 85
14 87
14 88
14 90
14 91
14 92
14 95
14 98
14 100
14 105
14 107
14 109
14 113
14 114
15 16
15 19
15 20
15 21
15 24
15 25
15 28
15 29
15 33
15 34
15 35
15 37
15 38
15 44
15 45
15 48
15 50
15 51
15 52
15 54
15 56
15 58
15 60
15 68
15 71
15 72
15 74
15 75
15 77
15 79
15 80
15 81
15 82
15 83
15 84
15 86
15 89
15 90
15 91
15 92
15 93
15 94
15 95
15 100
15 101
15 102
15 103
15 106
15 107
15 116
15 117
16 17
16 19
16 21
16 25
16 28
16 30
16 31
16 35
16 37
16 38
16 40
16 41
16 44
16 45
16 47
16 49
16 51
16 52
16 55
16 58
16 60
16 62
16 63
16 66
16 69
16 79
16 80
16 81
16 82
16 83
16 84
16 87
16 88
16 89
16 90
16 95
16 99
16 101
16 104
16 105
16 106
16 107
16 108
16 109
17 21
17 23
17 24
17 25
17 27
17 28
17 31
17 34
17 36
17 37
17 38
17 39
17 42
17 44
17 49
17 51
17 55
17 56
17 59
17 60
17 63
17 67
17 75
17 77
17 78
17 80
17 81
17 83
17 87
17 89
17 90
17 91
17 93
17 95
17 96
17 98
17 99
17 104
17 105
17 108
17 109
17 115
17 116
17 117
18 20
18 21
18 25
18 28
18 31
18 33
18 35
18 38
18 39
18 42
18 45
18 47
18 48
18 49
18 51
18 53
18 56
18 60
18 62
18 63
18 64
18 66
18 67
18 70
18 71
18 72
18 79
18 82
18 83
18 84
18 85
18 86
18 87
18 88
18 89
18 90
18 92
18 94
18 95
18 96
18 100
18 104
18 106
18 111
18 114
18 116
19 20
19 25
19 28
19 29
19 30
19 33
19 34
19 37
19 42
19 46
19 47
19 49
19 53
19 57
19 58
19 59
19 61
19 63
19 66
19 68
19 72
19 73
19 75
19 76
19 77
19 80
19 85
19 87
19 90
19 96
19 99
19 106
19 108
19 109
19 112
19 114
19 115
20 22
20 23
20 24
20 27
20 28
20 30
20 31
20 34
20 35
20 38
20 39
20 42
20 44
20 45
20 49
20 53
20 56
20 57
20 58
20 61
20 63
20 68
20 69
20 71
20 72
20 73
20 75
20 81
20 82
20 84
20 85
20 89
20 93
20 96
20 97
20 99
20 104
20 106
20 109
20 111
20 112
20 113
20 115
20 116
21 22
21 24
21 25
21 27
21 28
21 30
21 32
21 33
21 35
21 36
21 39
21 42
21 43
21 45
21 47
21 50
21 53
21 55
21 56
21 59
21 62
21 65
21 68
21 69
21 71
21 72
21 73
21 75
21 83
21 84
21 86
21 91
21 92
21 93
21 96
21 97
21 100
21 101
21 102
21 104
21 106
21 109
21 110
21 111
21 114
21 115
22 23
22 24
22 25
22 26
22 28
22 29
22 30
22 31
22 32
22 33
22 34
22 40
22 41
22 43
22 45
22 49
22 50
22 51
22 54
22 55
22 57
22 58
22 59
22 60
22 63
22 64
22 65
22 68
22 70
22 71
22 72
22 74
22 77
22 78
22 80
22 81
22 82
22 87
22 88
22 92
22 96
22 97
22 98
22 101
22 102
22 108
22 110
22 115
22 116
23 24
23 25
23 29
23 30
23 34
23 36
23 46
23 49
23 50
23 52
23 63
23 66
23 67
23 68
23 70
23 71
23 73
23 74
23 75
23 77
23 81
23 83
23 84
23 88
23 89
23 91
23 97
23 98
23 100
23 101
23 103
23 108
23 112
23 113
24 33
24 34
24 37
24 38
24 39
24 42
24 43
24 45
24 46
24 47
24 48
24 50
24 54
24 55
24 56
24 58
24 60
24 61
24 62
24 68
24 69
24 72
24 73
24 75
24 76
24 78
24 79
24 80
24 81
24 82
24 83
24 84
24 86
24 87
24 89
24 92
24 101
24 111
24 113
24 116
25 27
25 31
25 32
25 36
25 40
25 43
25 45
25 46
25 48
25 50
25 53
25 56
25 59
25 60
25 63
25 69
25 71
25 79
25 80
25 86
25 88
25 89
25 92
25 95
25 96
25 97
25 98
25 100
25 101
25 106
25 108
25 115
25 116
25 117
26 27
26 31
26 32
26 37
26 41
26 42
26 44
26 45
26 51
26 59
26 64
26 65
26 66
26 70
26 72
26 75
26 77
26 79
26 81
26 82
26 85
26 87
26 94
26 100
26 101
26 102
26 105
26 106
26 107
26 108
26 110
26 111
26 114
26 116
26 117
27 30
27 32
27 33
27 36
27 40
27 42
27 48
27 58
27 60
27 61
27 63
27 64
27 65
27 66
27 68
27 69
27 73
27 74
27 75
27 79
27 83
27 84
27 87
27 90
27 91
27 93
27 94
27 96
27 98
27 100
27 102
27 104
27 112
27 114
28 30
28 31
28 33
28 35
28 38
28 42
28 44
28 46
28 50
28 51
28 53
28 54
28 55
28 59
28 61
28 62
28 64
28 68
28 69
28 72
28 73
28 76
28 77
28 80
28 82
28 83
28 91
28 97
28 98
28 100
28 102
28 103
28 106
28 107
28 111
28 113
28 116
29 30
29 34
29 35
29 36
29 40
29 42
29 45
29 48
29 52
29 55
29 56
29 57
29 60
29 65
29 67
29 73
29 78
29 79
29 82
29 83
29 84
29 86
29 89
29 96
29 97
29 101
29 104
29 105
29 108
29 113
29 114
29 115
29 117
30 31
30 33
30 35
30 37
30 38
30 40
30 43
30 45
30 48
30 49
30 55
30 56
30 59
30 60
30 63
30 73
30 79
30 81
30 82
30 88
30 90
30 94
30 97
30 101
30 103
30 104
30 105
30 107
30 108
30 109
30 111
30 112
30 113
30 114
30 115
31 34
31 36
31 40
31 43
31 44
31 45
31 47
31 53
31 55
31 58
31 59
31 60
31 68
31 69
31 71
31 72
31 74
31 77
31 79
31 81
31 82
31 83
31 85
31 87
31 91
31 93
31 95
31 96
31 97
31 98
31 99
31 102
31 103
31 105
31 113
31 116
32 33
32 35
32 41
32 43
32 44
32 46
32 47
32 52
32 54
32 58
32 61
32 62
32 63
32 65
32 66
32 72
32 74
32 77
32 78
32 79
32 80
32 85
32 86
32 87
32 91
32 96
32 98
32 99
32 101
32 106
32 107
32 109
32 110
32 115
33 34
33 36
33 37
33 39
33 41
33 42
33 43
33 49
33 54
33 55
33 59
33 60
33 62
33 67
33 69
33 73
33 74
33 75
33 77
33 78
33 81
33 82
33 83
33 84
33 85
33 86
33 87
33 90
33 92
33 100
33 107
33 108
33 109
33 110
33 113
34 37
34 38
34 39
34 42
34 43
34 45
34 46
34 52
34 54
34 56
34 57
34 58
34 61
34 62
34 64
34 66
34 67
34 68
34 69
34 72
34 73
34 75
34 78
34 80
34 81
34 84
34 91
34 95
34 96
34 99
34 102
34 106
34 107
34 108
34 109
34 110
34 112
35 37
35 42
35 46
35 47
35 52
35 54
35 55
35 60
35 62
35 65
35 67
35 69
35 70
35 72
35 73
35 77
35 81
35 84
35 85
35 87
35 92
35 95
35 96
35 100
35 103
35 105
35 107
35 109
35 110
35 112
35 113
35 114
35 115
35 116
36 39
36 41
36 42
36 43
36 44
36 50
36 52
36 53
36 54
36 56
36 60
36 63
36 69
36 71
36 75
36 76
36 81
36 84
36 87
36 89
36 92
36 94
36 95
36 97
36 100
36 103
36 105
36 106
36 109
36 112
36 113
36 114
36 115
36 116
36 117
37 38
37 40
37 41
37 49
37 50
37 51
37 52
37 53
37 54
37 55
37 58
37 61
37 62
37 63
37 64
37 65
37 69
37 70
37 74
37 77
37 87
37 89
37 92
37 95
37 97
37 98
37 100
37 101
37 104
37 106
37 112
37 114
37 116
37 117
38 39
38 42
38 44
38 48
38 51
38 54
38 55
38 58
38 61
38 62
38 63
38 65
38 66
38 68
38 72
38 73
38 76
38 77
38 79
38 84
38 85
38 86
38 92
38 96
38 97
38 99
38 100
38 101
38 104
38 106
38 107
38 108
38 109
38 113
38 114
38 116
39 41
39 42
39 47
39 48
39 50
39 51
39 56
39 57
39 58
39 59
39 62
39 65
39 66
39 67
39 68
39 69
39 73
39 77
39 79
39 80
39 82
39 86
39 91
39 92
39 95
39 99
39 100
39 104
39 105
39 111
39 112
39 113
39 117
40 46
40 49
40 50
40 54
40 56
40 57
40 58
40 59
40 60
40 61
40 63
40 66
40 69
40 71
40 73
40 74
40 76
40 77
40 79
40 80
40 81
40 82
40 84
40 85
40 86
40 87
40 89
40 92
40 93
40 98
40 99
40 100
40 110
40 111
40 112
40 113
40 114
41 44
41 46
41 47
41 48
41 49
41 50
41 51
41 53
41 54
41 56
41 57
41 58
41 62
41 64
41 65
41 66
41 67
41 70
41 72
41 73
41 74
41 78
41 79
41 86
41 87
41 90
41 92
41 95
41 97
41 98
41 100
41 101
41 102
41 103
41 104
41 105
41 110
41 114
41 115
41 116
42 43
42 47
42 54
42 55
42 56
42 57
42 58
42 61
42 62
42 65
42 68
42 72
42 73
42 74
42 78
42 80
42 81
42 85
42 88
42 90
42 94
42 96
42 98
42 103
42 104
42 106
42 107
42 108
42 110
42 112
42 115
42 116
43 44
43 45
43 47
43 50
43 52
43 55
43 57
43 58
43 62
43 63
43 65
43 67
43 68
43 70
43 72
43 74
43 77
43 78
43 80
43 81
43 82
43 83
43 84
43 85
43 86
43 91
43 92
43 96
43 97
43 99
43 100
43 101
43 103
43 104
43 108
43 110
43 114
43 115
43 116
43 117
44 47
44 51
44 52
44 57
44 59
44 61
44 65
44 67
44 68
44 70
44 73
44 74
44 76
44 79
44 84
44 86
44 87
44 88
44 91
44 94
44 97
44 102
44 106
44 108
44 109
44 111
44 117
45 47
45 48
45 51
45 52
45 53
45 54
45 55
45 56
45 58
45 62
45 64
45 66
45 72
45 73
45 76
45 79
45 81
45 85
45 87
45 89
45 90
45 92
45 96
45 97
45 98
45 99
45 100
45 102
45 106
45 109
45 112
45 115
46 47
46 49
46 50
46 55
46 60
46 61
46 63
46 64
46 66
46 67
46 68
46 70
46 72
46 82
46 83
46 85
46 86
46 87
46 88
46 93
46 94
46 97
46 98
46 103
46 104
46 105
46 107
46 108
46 113
46 114
46 115
46 116
47 50
47 52
47 53
47 63
47 66
47 70
47 71
47 72
47 76
47 77
47 81
47 84
47 88
47 92
47 97
47 98
47 99
47 100
47 102
47 105
47 107
47 109
47 110
47 111
47 112
47 113
47 115
47 117
48 49
48 50
48 51
48 53
48 54
48 56
48 58
48 59
48 60
48 61
48 65
48 66
48 72
48 75
48 77
48 78
48 79
48 80
48 82
48 83
48 85
48 87
48 89
48 90
48 91
48 92
48 96
48 97
48 99
48 100
48 101
48 102
48 107
48 108
48 109
48 113
48 117
49 52
49 53
49 58
49 60
49 61
49 62
49 64
49 65
49 66
49 67
49 68
49 69
49 74
49 77
49 78
49 79
49 81
49 83
49 86
49 88
49 89
49 90
49 91
49 94
49 97
49 98
49 99
49 101
49 102
49 103
49 104
49 105
49 108
49 110
49 111
50 54
50 55
50 57
50 58
50 61
50 63
50 64
50 65
50 68
50 69
50 73
50 74
50 77
50 79
50 80
50 82
50 84
50 92
50 95
50 99
50 102
50 103
50 105
50 106
50 109
50 111
50 115
51 52
51 54
51 55
51 57
51 59
51 60
51 61
51 63
51 68
51 70
51 72
51 73
51 74
51 76
51 78
51 81
51 83
51 84
51 86
51 100
51 104
51 107
51 108
51 110
51 111
51 117
52 56
52 57
52 58
52 60
52 65
52 70
52 71
52 74
52 77
52 80
52 83
52 86
52 89
52 90
52 93
52 94
52 98
52 99
52 100
52 102
52 104
52 105
52 107
52 108
52 110
52 116
52 117
53 54
53 56
53 57
53 58
53 61
53 62
53 63
53 64
53 66
53 68
53 70
53 72
53 73
53 76
53 77
53 82
53 84
53 86
53 89
53 91
53 92
53 94
53 96
53 99
53 100
53 107
53 109
53 111
53 112
53 114
54 56
54 57
54 58
54 59
54 62
54 64
54 65
54 67
54 69
54 79
54 81
54 82
54 85
54 87
54 93
54 94
54 95
54 96
54 101
54 102
54 104
54 106
54 110
54 111
54 114
54 116
54 117
55 59
55 61
55 63
55 65
55 69
55 74
55 75
55 78
55 79
55 83
55 86
55 95
55 96
55 100
55 101
55 110
55 112
55 114
55 115
55 116
55 117
56 57
56 60
56 61
56 62
56 65
56 68
56 71
56 72
56 75
56 76
56 78
56 80
56 82
56 83
56 84
56 86
56 87
56 88
56 92
56 93
56 100
56 101
56 102
56 105
56 106
56 109
56 112
56 115
56 117
57 58
57 63
57 67
57 68
57 72
57 74
57 75
57 76
57 79
57 84
57 85
57 88
57 89
57 94
57 95
57 98
57 101
57 106
57 107
57 110
57 111
57 112
57 116
57 117
58 61
58 64
58 65
58 66
58 69
58 70
58 72
58 74
58 78
58 79
58 81
58 85
58 87
58 88
58 97
58 101
58 104
58 105
58 107
58 111
58 114
58 115
58 117
59 60
59 62
59 63
59 64
59 65
59 66
59 71
59 72
59 73
59 74
59 75
59 79
59 84
59 85
59 86
59 95
59 96
59 99
59 105
59 107
59 113
59 117
60 61
60 62
60 65
60 70
60 73
60 74
60 76
60 80
60 81
60 82
60 87
60 88
60 89
60 90
60 92
60 93
60 96
60 98
60 99
60 100
60 101
60 102
60 103
60 104
60 109
60 111
60 112
60 113
61 62
61 63
61 64
61 66
61 71
61 81
61 89
61 91
61 92
61 101
61 102
61 103
61 104
61 105
61 113
61 114
62 63
62 67
62 68
62 69
62 71
62 73
62 75
62 77
62 78
62 82
62 83
62 89
62 90
62 92
62 97
62 103
62 104
62 105
62 112
62 114
62 115
62 116
62 117
63 66
63 68
63 69
63 70
63 71
63 77
63 78
63 81
63 86
63 88
63 90
63 91
63 95
63 96
63 98
63 103
63 104
63 105
63 107
63 110
63 116
64 72
64 73
64 75
64 77
64 78
64 80
64 85
64 86
64 89
64 92
64 93
64 94
64 101
64 102
64 107
64 108
64 110
65 66
65 68
65 73
65 74
65 76
65 77
65 78
65 79
65 80
65 84
65 87
65 88
65 91
65 94
65 95
65 98
65 106
65 107
65 109
65 110
65 117
66 67
66 69
66 70
66 73
66 75
66 76
66 80
66 82
66 88
66 89
66 96
66 98
66 104
66 105
66 108
66 109
66 110
66 111
66 115
66 116
66 117
67 69
67 71
67 72
67 79
67 80
67 82
67 84
67 86
67 92
67 93
67 96
67 99
67 101
67 103
67 104
67 105
67 107
67 109
67 112
67 114
67 116
68 71
68 72
68 74
68 78
68 79
68 80
68 85
68 86
68 87
68 88
68 91
68 92
68 105
68 107
68 108
68 109
68 111
68 115
68 117
69 71
69 72
69 73
69 74
69 76
69 77
69 79
69 81
69 82
69 83
69 90
69 91
69 92
69 93
69 95
69 97
69 98
69 100
69 101
69 102
69 103
69 104
69 105
69 106
69 109
69 112
69 113
70 78
70 82
70 86
70 89
70 90
70 96
70 97
70 98
70 99
70 101
70 103
70 104
70 105
70 106
70 108
70 110
70 113
70 114
71 72
71 75
71 78
71 81
71 82
71 86
71 87
71 88
71 89
71 90
71 93
71 94
71 100
71 101
71 102
71 110
71 112
71 113
71 114
72 73
72 74
72 80
72 81
72 82
72 84
72 85
72 86
72 87
72 88
72 89
72 93
72 95
72 97
72 98
72 99
72 100
72 101
72 102
72 103
72 106
72 108
72 109
73 74
73 75
73 78
73 82
73 83
73 84
73 86
73 88
73 89
73 92
73 93
73 94
73 99
73 100
73 102
73 103
73 104
73 107
73 109
73 110
73 111
73 112
73 113
73 116
74 80
74 81
74 84
74 85
74 90
74 91
74 93
74 95
74 97
74 99
74 100
74 101
74 102
74 103
74 104
74 111
74 112
74 113
74 117
75 82
75 85
75 87
75 90
75 95
75 96
75 97
75 98
75 101
75 105
75 108
75 110
75 113
75 116
75 117
76 77
76 79
76 80
76 81
76 82
76 83
76 85
76 86
76 88
76 90
76 93
76 94
76 96
76 97
76 99
76 101
76 102
76 103
76 105
76 109
76 111
76 112
76 114
76 115
77 78
77 79
77 80
77 83
77 85
77 89
77 90
77 94
77 95
77 97
77 99
77 103
77 104
77 108
77 110
77 115
77 117
78 84
78 85
78 87
78 88
78 89
78 90
78 93
78 94
78 99
78 100
78 105
78 111
78 114
79 87
79 88
79 90
79 93
79 95
79 96
79 99
79 100
79 104
79 105
79 109
79 111
79 113
79 115
80 83
80 86
80 90
80 91
80 96
80 97
80 100
80 102
80 103
80 105
80 106
80 107
80 108
80 109
80 110
80 112
80 113
80 115
80 117
81 82
81 83
81 85
81 88
81 92
81 99
81 101
81 102
81 103
81 107
81 114
81 115
81 117
82 83
82 87
82 88
82 91
82 97
82 98
82 100
82 103
82 109
82 112
82 113
82 115
82 116
83 84
83 88
83 92
83 93
83 94
83 96
83 98
83 104
83 105
83 106
83 107
83 108
83 109
83 113
83 116
84 85
84 88
84 89
84 90
84 93
84 94
84 95
84 97
84 99
84 100
84 102
84 103
84 105
84 107
84 109
84 110
84 112
84 114
84 115
84 116
84 117
85 89
85 90
85 91
85 92
85 93
85 94
85 95
85 96
85 101
85 103
85 104
85 109
85 110
85 111
85 112
85 113
85 114
85 116
86 89
86 91
86 92
86 93
86 96
86 97
86 99
86 101
86 105
86 108
86 111
86 114
86 115
87 88
87 91
87 93
87 94
87 95
87 97
87 98
87 101
87 102
87 105
87 106
87 110
87 111
87 112
87 113
87 114
87 115
87 116
88 90
88 91
88 92
88 94
88 95
88 98
88 99
88 100
88 103
88 105
88 106
88 111
88 112
88 113
88 114
88 116
89 93
89 94
89 95
89 104
89 106
89 111
89 113
89 116
90 91
90 92
90 94
90 95
90 102
90 103
90 106
90 110
90 112
90 115
90 116
90 117
91 93
91 97
91 103
91 104
91 105
91 109
91 110
91 111
91 112
91 114
91 116
92 93
92 95
92 96
92 97
92 98
92 100
92 104
92 106
92 109
92 112
92 114
92 117
93 95
93 97
93 98
93 103
93 107
93 110
93 111
93 112
93 113
93 115
93 116
94 97
94 98
94 99
94 100
94 102
94 104
94 105
94 108
94 109
94 113
94 114
94 115
94 117
95 96
95 98
95 100
95 101
95 102
95 104
95 106
95 107
95 109
95 110
95 114
95 115
95 116
96 97
96 98
96 101
96 104
96 105
96 107
96 109
96 110
96 114
96 115
96 117
97 99
97 100
97 101
97 104
97 111
97 115
97 117
98 100
98 103
98 105
98 109
98 112
98 114
98 116
99 101
99 104
99 105
99 108
99 109
99 112
99 114
99 115
99 116
99 117
99 118
100 101
100 103
100 104
100 105
100 109
100 110
100 116
100 117
101 102
101 104
101 105
101 106
101 109
101 111
101 112
101 113
101 115
101 116
102 103
102 104
102 108
102 110
102 111
102 113
103 104
103 105
103 107
103 111
103 112
103 115
104 105
104 107
104 109
104 110
104 111
104 112
104 113
104 115
104 116
104 117
105 109
105 110
105 112
105 113
105 116
106 108
106 109
106 111
106 112
106 113
106 115
106 116
107 109
107 110
107 111
107 114
107 117
108 109
108 110
108 112
108 113
108 114
108 117
109 112
109 113
109 114
109 115
109 116
110 112
110 118
111 115
111 116
111 117
113 114
113 115
113 116
114 115
114 117
115 117
116 117
