558
837
1170
1071
1774
1240
1744
1618
1623
1444
1758
1374
1004
1177
1272
1586
1738
1617
1251
1709
1239
1183
1699
1407
1279
1626
1766
1526
1141
1363
1360
1187
1221
1326
1322
1662
1082
1417
1573
1443
1226
1100
1774
1595
1283
1309
1469
1490
1529
1445
1641
1031
1388
1033
1519
1246
1635
1481
1704
1278
1684
1710
1785
1130
1157
1386
1013
1681
1398
1020
1075
1219
1015
1335
1793
1595
1572
1668
1070
1026
1702
1703
1774
1575
1687
1235
1555
1227
1298
1564
1075
1272
1100
1588
1559
1723
1394
1046
1620
1117
1397
1033
1783
1713
1295
1191
1618
1756
1517
1178
1405
1221
1732
1088
1466
1109
1443
1303
1200
1741
1604
1297
1357
1337
1627
1539
1185
1568
1476
1089
1251
1616
1267
1252
1274
1474
1152
1722
1400
1334
1058
1591
1674
1251
1302
1378
1008
1224
1371
1075
1209
1793
1778
1650
1394
1024
1765
1455
1079
1205
1397
1186
1022
1209
1313
1274
1274
1598
1132
1546
1766
1673
1419
1025
1432
1558
1631
1697
1464
1575
1188
1634
1367
1170
1483
1696
1647
1010
1290
1758
1345
1726
1004
1689
1003
1634
1243
1481
1044
1172
1425
1383
1795
1722
1721
1374
1042
1751
1224
1559
1320
1154
1679
1239
1764
1637
1592
1149
1367
1658
1792
1082
1123
1766
1157
1091
1285
1040
1011
1106
1199
1054
1111
1305
1221
1474
1088
1768
1564
1024
1183
1784
1068
1549
1599
1359
1162
1640
1386
1399
1563
1411
1666
1405
1743
1410
1313
1783
1717
1452
1683
1397
1698
1098
1789
1305
1681
1388
1390
1326
1452
1044
1030
1315
1346
1576
1195
1197
1726
1542
1542
1538
1556
1141
1532
1682
1357
1458
1692
1741
1182
1332
1528
1073
1054
1519
1270
1225
1365
1775
1519
1098
1551
1469
1367
1546
1295
1539
1295
1418
1329
1145
1357
1318
1760
1699
1469
1453
1039
1507
1356
1518
1518
1677
1449
1402
1301
1051
1433
1360
1035
1474
1786
1221
1393
1284
1226
1594
1271
1068
1466
1603
1231
1389
1504
1084
1502
1672
1421
1153
1658
1403
1656
1297
1619
1238
1136
1219
1278
1490
1588
1149
1041
1209
1027
1128
1416
1775
1228
1045
1732
1459
1183
1003
1046
1608
1584
1054
1189
1469
1367
1390
1114
1716
1336
1664
1358
1060
1480
1068
1300
1043
1451
1208
1090
1630
1281
1198
1452
1770
1214
1345
1271
1675
1604
1160
1242
1294
1080
1327
1058
1603
1316
1273
1715
1013
1705
1616
1177
1067
1487
1651
1080
1149
1781
1024
1743
1519
1576
1493
1492
1198
1196
1578
1041
1589
1089
1231
1234
1428
1780
1168
1661
1606
1563
1319
1782
1048
1204
1319
1686
1084
1624
1147
1243
1416
1340
1704
1583
1368
1658
1270
1607
1086
1511
1018
1688
1157
1329
1451
1686
1292
1657
1182
1031
1538
1292
1577
1347
1252
1339
1695
1049
1665
1409
1574
1261
1115
1327
1175
1798
1624
1226
1768
1058
1524
1162
1605
1656
1619
1695
1714
1581
1317
1042
1318
1001
1064
1558
1716
1516
1774
1511
1710
1012
1441
1174
1465
1209
1603
1654
1271
1503
1744
1153
1710
1147
1781
1679
1441
1565
1420
1527
1255
1663
1472
1350
1757
1170
1486
1538
1206
1383
1399
1363
1339
1409
1203
1416
1061
1399
1277
1703
1095
1276
1298
1400
1029
1491
1452
1 195
1 219
1 292
2 27
2 122
2 351
3 71
3 190
3 356
4 63
4 487
4 545
5 88
5 296
5 477
6 213
6 313
6 399
7 244
7 305
7 552
8 42
8 74
8 156
9 126
9 349
9 488
10 260
10 314
10 401
11 13
11 430
11 510
12 322
12 553
12 554
13 400
13 495
14 187
14 217
14 321
15 41
15 288
15 402
16 49
16 209
16 320
17 190
17 339
17 537
18 87
18 145
18 526
19 39
19 107
19 229
20 128
20 316
20 420
21 31
21 332
21 380
22 67
22 151
22 463
23 70
23 323
23 457
24 251
24 452
24 507
25 34
25 226
25 269
26 205
26 285
26 445
27 38
27 329
28 193
28 355
28 421
29 37
29 47
29 216
30 394
30 430
30 495
31 307
31 458
32 105
32 424
32 473
33 62
33 147
33 357
34 294
34 554
35 153
35 280
35 477
36 60
36 313
36 426
37 175
37 217
38 483
38 557
39 189
39 348
40 178
40 429
40 442
41 164
41 506
42 414
42 469
43 109
43 139
43 371
44 243
44 335
44 434
45 66
45 126
45 306
46 319
46 409
46 490
47 163
47 376
48 241
48 353
48 498
49 343
49 482
50 98
50 324
50 333
51 141
51 319
51 334
52 188
52 240
52 480
53 85
53 99
53 367
54 361
54 381
54 394
55 200
55 254
55 428
56 286
56 443
56 546
57 272
57 290
57 393
58 121
58 419
58 504
59 73
59 106
59 230
60 289
60 341
61 64
61 87
61 499
62 79
62 533
63 184
63 415
64 145
64 488
65 133
65 342
65 517
66 249
66 337
67 186
67 487
68 101
68 247
68 287
69 160
69 328
69 439
70 97
70 367
71 157
71 521
72 100
72 416
72 453
73 258
73 468
74 231
74 236
75 331
75 378
75 538
76 304
76 345
76 422
77 347
77 360
77 463
78 270
78 420
78 512
79 182
79 261
80 178
80 441
80 532
81 112
81 383
81 396
82 89
82 135
82 544
83 125
83 284
83 437
84 242
84 305
84 312
85 204
85 358
86 395
86 404
86 439
87 437
88 113
88 280
89 225
89 461
90 111
90 157
90 190
91 287
91 501
91 552
92 155
92 328
92 397
93 115
93 390
93 548
94 144
94 336
94 524
95 144
95 200
95 370
96 104
96 158
96 406
97 99
97 276
98 125
98 547
99 119
100 341
100 372
101 154
101 537
102 179
102 392
102 513
103 206
103 306
103 538
104 245
104 486
105 171
105 194
106 177
106 304
107 466
107 511
108 205
108 329
108 557
109 236
109 308
110 114
110 153
110 288
111 339
111 464
112 374
112 496
113 391
113 446
114 280
114 446
115 192
115 373
116 118
116 186
116 475
117 136
117 161
117 200
118 415
118 487
119 204
119 246
120 256
120 445
120 483
121 443
121 501
122 274
122 425
123 143
123 291
123 384
124 245
124 512
124 543
125 438
126 268
127 163
127 199
127 550
128 270
128 509
129 203
129 224
129 334
130 204
130 296
130 540
131 211
131 318
131 453
132 141
132 220
132 277
133 147
133 533
134 449
134 514
134 519
135 156
135 469
136 428
136 466
137 158
137 211
137 237
138 310
138 369
138 492
139 267
139 451
140 209
140 251
140 384
141 203
142 203
142 219
142 277
143 179
143 222
144 254
145 349
146 158
146 420
146 486
147 405
148 325
148 385
148 475
149 169
149 423
149 484
150 162
150 357
150 405
151 325
151 360
152 303
152 354
152 369
153 246
154 339
154 523
155 518
155 531
156 281
157 387
159 239
159 249
159 499
160 284
160 397
161 370
161 451
162 317
162 447
163 539
164 218
164 393
165 319
165 344
165 389
166 372
166 515
166 527
167 180
167 183
167 379
168 262
168 460
168 485
169 194
169 424
170 269
170 317
170 554
171 198
171 216
172 439
172 528
172 535
173 178
173 454
173 508
174 191
174 366
174 520
175 187
175 473
176 427
176 474
176 484
177 345
177 352
179 382
180 530
180 549
181 290
181 338
181 380
182 229
182 511
183 335
183 354
184 230
184 468
185 188
185 326
185 525
186 325
187 424
188 408
189 407
189 536
191 289
191 426
192 361
192 448
193 489
193 529
194 297
195 410
195 414
196 355
196 411
196 555
197 386
197 481
197 549
198 297
198 427
199 321
199 376
201 268
201 488
201 499
202 397
202 531
202 541
205 472
206 263
206 412
207 256
207 389
207 498
208 258
208 422
208 545
209 291
210 371
210 451
210 524
211 494
212 322
212 447
212 517
213 215
213 430
214 454
214 465
214 497
215 510
215 558
216 473
217 376
218 272
218 391
219 224
220 309
220 461
221 293
221 316
221 471
222 507
222 513
223 387
223 423
223 542
224 295
225 403
225 469
226 365
226 431
227 260
227 456
227 516
228 288
228 446
228 506
229 536
230 301
231 281
231 308
232 366
232 426
232 459
233 244
233 247
233 444
234 271
234 381
234 400
235 263
235 347
235 505
236 336
237 406
237 515
238 259
238 331
238 479
239 331
239 337
240 330
240 525
241 252
241 389
242 552
242 556
243 266
243 481
244 287
245 527
246 540
247 523
248 275
248 340
248 497
249 268
250 383
250 493
250 546
251 320
252 344
252 363
253 395
253 500
253 516
254 407
255 283
255 366
255 534
256 285
257 290
257 402
257 462
258 304
259 299
259 505
260 500
261 357
261 536
262 350
262 413
263 463
264 358
264 367
264 457
265 302
265 314
265 500
266 386
266 478
267 308
267 544
269 352
270 543
271 361
271 373
272 338
273 321
273 413
273 550
274 343
274 436
275 465
275 551
276 323
276 386
277 292
278 326
278 408
278 551
279 295
279 363
279 490
281 544
282 379
282 492
282 549
283 399
283 459
284 541
285 432
286 383
286 496
289 502
291 382
292 309
293 375
293 555
294 365
294 553
295 409
296 358
297 484
298 419
298 443
298 496
299 347
299 385
300 369
300 392
300 433
301 415
301 475
302 395
302 476
303 382
303 392
305 444
306 378
307 359
307 450
309 410
310 354
310 379
311 400
311 510
311 534
312 374
312 504
313 459
314 467
315 359
315 441
315 458
316 455
317 322
318 416
318 520
320 491
323 478
324 438
324 531
326 465
327 345
327 431
327 470
328 535
329 425
330 440
330 522
332 338
332 450
333 349
333 526
334 409
335 530
336 371
337 378
340 417
340 429
341 398
342 405
342 447
343 351
344 490
346 408
346 417
346 480
348 377
348 466
350 539
350 550
351 483
352 431
353 363
353 472
355 396
356 449
356 537
359 532
360 385
362 372
362 453
362 494
364 373
364 440
364 548
365 470
368 387
368 519
368 521
370 524
374 419
375 411
375 546
377 407
377 428
380 462
381 495
384 507
388 425
388 436
388 452
390 435
390 448
391 506
393 402
394 448
396 493
398 416
398 502
399 558
401 413
401 460
403 414
403 418
404 516
404 528
406 527
410 418
411 493
412 479
412 505
417 551
418 461
421 471
421 555
422 470
423 474
427 514
429 508
432 472
432 498
433 492
433 513
434 457
434 478
435 522
435 525
436 482
437 547
438 541
440 480
441 454
442 450
442 532
444 464
445 557
449 521
452 491
455 509
455 529
456 518
456 528
458 462
460 467
464 523
467 476
468 545
471 529
474 503
476 485
477 540
479 538
481 530
482 491
485 539
486 512
489 509
489 543
494 515
497 508
501 556
502 520
503 514
503 542
504 556
511 533
517 553
518 535
519 542
522 548
526 547
534 558
