66
534
1759
1339
1530
1051
1054
1375
1513
1458
1446
1167
1482
1570
1185
1665
1550
1302
1745
1575
1080
1620
1080
1749
1710
1680
1102
1602
1736
1501
1077
1342
1487
1726
1561
1118
1520
1717
1272
1381
1517
1380
1620
1217
1192
1177
1250
1138
1052
1717
1501
1315
1154
1038
1381
1125
1677
1721
1208
1521
1088
1228
1426
1042
1685
1370
1342
1198
1 3
1 9
1 28
1 34
1 45
1 50
1 60
1 61
2 3
2 4
2 15
2 17
2 22
2 25
2 26
2 29
2 31
2 32
2 50
2 51
2 55
2 62
2 64
2 65
3 5
3 14
3 26
3 27
3 29
3 31
3 32
3 39
3 40
3 44
3 46
3 51
3 55
3 60
4 6
4 12
4 13
4 14
4 40
4 42
4 47
4 48
4 58
4 59
4 62
4 63
5 8
5 11
5 13
5 18
5 22
5 23
5 28
5 30
5 31
5 33
5 34
5 39
5 47
5 55
5 57
6 8
6 12
6 24
6 25
6 30
6 33
6 34
6 40
6 48
6 50
6 51
6 53
6 56
6 59
6 62
7 8
7 13
7 22
7 27
7 28
7 31
7 35
7 37
7 43
7 44
7 46
7 47
7 49
7 51
7 54
7 58
7 63
8 12
8 18
8 23
8 25
8 28
8 39
8 43
8 50
8 53
8 59
8 63
9 12
9 13
9 16
9 18
9 19
9 20
9 21
9 25
9 26
9 30
9 31
9 35
9 37
9 38
9 39
9 44
9 55
9 62
10 16
10 22
10 23
10 27
10 34
10 42
10 44
10 46
10 53
10 57
10 60
10 62
11 17
11 19
11 20
11 22
11 23
11 26
11 27
11 29
11 30
11 35
11 36
11 45
11 48
11 50
11 54
11 57
11 58
11 59
11 60
11 61
11 64
12 16
12 21
12 24
12 34
12 40
12 43
12 45
12 47
12 48
12 52
12 55
13 14
13 24
13 32
13 35
13 38
13 43
13 44
13 51
13 58
13 63
13 66
14 17
14 19
14 28
14 29
14 35
14 38
14 43
14 50
14 55
14 57
14 58
14 61
14 62
14 63
15 17
15 18
15 20
15 22
15 29
15 30
15 31
15 34
15 37
15 42
15 45
15 47
15 63
15 65
16 25
16 26
16 27
16 35
16 36
16 38
16 39
16 40
16 49
16 51
16 52
16 53
16 55
16 62
17 20
17 21
17 26
17 28
17 33
17 34
17 37
17 42
17 43
17 52
17 59
17 61
17 64
18 23
18 26
18 35
18 40
18 42
18 46
18 48
18 49
18 50
18 54
18 57
18 59
18 62
18 63
19 26
19 30
19 32
19 37
19 48
19 50
19 52
19 56
19 63
20 22
20 27
20 29
20 30
20 32
20 35
20 37
20 42
20 43
20 44
20 46
20 47
20 56
20 57
20 65
21 22
21 33
21 34
21 37
21 43
21 48
21 53
21 58
22 29
22 33
22 38
22 40
22 44
22 46
22 52
22 53
22 55
22 60
23 37
23 43
23 46
23 49
23 57
23 60
23 61
24 26
24 28
24 36
24 38
24 40
24 42
24 49
24 53
24 56
24 58
24 61
24 62
24 65
25 26
25 33
25 36
25 37
25 38
25 45
25 46
25 47
25 49
25 50
25 56
25 60
25 63
25 65
26 27
26 37
26 38
26 39
26 40
26 43
26 44
26 47
26 49
26 59
26 60
26 63
26 64
27 29
27 30
27 36
27 41
27 43
27 48
27 51
27 54
27 60
27 63
27 65
28 33
28 38
28 42
28 44
28 45
28 46
28 52
28 55
28 58
28 61
28 64
28 65
29 30
29 31
29 37
29 40
29 41
29 42
29 43
29 45
29 48
29 50
29 54
29 57
30 48
30 51
30 54
30 56
30 59
30 65
31 42
31 45
31 51
31 55
31 56
31 62
32 33
32 35
32 36
32 38
32 42
32 44
32 47
32 50
32 51
32 55
32 64
33 38
33 43
33 44
33 46
33 47
33 48
33 50
33 54
33 57
33 58
33 61
33 66
34 35
34 39
34 43
34 46
34 48
34 50
34 52
34 56
34 60
34 65
35 38
35 39
35 42
35 43
35 44
35 46
35 47
35 56
36 37
36 41
36 42
36 43
36 47
36 48
36 51
36 57
36 59
37 42
37 46
37 55
37 64
37 65
38 39
38 43
38 45
38 49
38 50
38 53
38 59
39 44
39 49
39 57
39 58
39 59
39 61
39 62
39 63
40 42
40 45
40 47
40 49
40 53
40 54
40 58
40 59
40 64
40 65
41 42
41 44
41 45
41 47
41 58
41 63
42 43
42 46
42 47
42 50
42 51
42 53
42 55
42 65
43 46
43 47
43 62
43 65
44 45
44 50
44 55
44 57
44 64
44 65
45 57
45 60
46 49
46 62
47 50
47 56
47 63
48 50
48 51
48 53
48 56
48 57
48 64
48 65
49 51
49 56
49 61
50 52
51 57
51 59
51 61
51 64
52 59
52 60
52 62
53 55
53 58
53 60
53 65
54 59
54 62
55 57
56 58
56 59
56 62
56 65
57 59
57 63
58 60
58 61
58 64
59 63
60 62
64 66
