66
99
1655
1613
1559
1263
1465
1177
1546
1180
1546
1599
1069
1606
1187
1611
1484
1637
1481
1076
1598
1569
1089
1184
1110
1212
1446
1554
1590
1741
1745
1348
1389
1479
1043
1375
1355
1758
1066
1780
1017
1569
1310
1332
1734
1791
1359
1356
1782
1550
1466
1534
1212
1262
1008
1309
1152
1548
1686
1061
1353
1337
1365
1706
1045
1247
1004
1486
1 3
1 9
1 61
2 17
2 31
2 51
3 40
3 46
4 42
4 47
4 63
5 8
5 18
5 39
6 30
6 40
6 62
7 13
7 31
7 58
8 50
8 63
9 25
9 35
10 16
10 27
10 44
11 19
11 45
11 54
12 21
12 47
12 55
13 51
13 66
14 35
14 57
14 61
15 18
15 20
15 63
16 52
16 53
17 21
17 37
18 23
19 52
19 56
20 32
20 57
21 34
22 38
22 44
22 60
23 49
23 57
24 36
24 56
24 62
25 36
25 46
26 43
26 60
26 64
27 60
27 65
28 44
28 45
28 52
29 31
29 37
29 41
30 54
30 56
32 35
32 36
33 43
33 48
33 66
34 39
34 50
37 55
38 45
38 59
39 49
40 59
41 42
41 58
42 55
43 65
46 62
47 50
48 51
48 53
49 61
53 65
54 59
58 64
64 66
